0.0
0.0031029318095069274
0.006583926791546951
0.009597406653745777
0.012036540019912386
0.013970429906018635
0.015493301292011513
0.016689713138335446
0.017628886800861266
0.018365921405627133
0.01894426592122204
0.01939807186330088
0.019754152532667196
0.020033551464196896
0.020252781686706137
0.02042480047193916
0.020559774822550878
0.02066568229129519
0.020748782462732825
0.02081398691449143
0.02086514951070982
0.020905294181488693
0.02093679365005539
0.020961509670902278
0.020980903067498228
0.020996120073255447
0.0210080600788686
0.021017428790185175
0.021024779938465757
0.02103054800829061
0.021035073917473036
0.021038625166773003
0.02104141165034615
0.021043598061394116
0.02104531362624316
0.02104665974217782
0.021047715970457688
0.02104854473873127
0.02104919503077927
0.02104970528166747
0.02105010564942485
0.021050419797513296
0.021050666293440257
0.02105085970617849
0.02105101146725535
0.02105113054640526
0.021051223981719738
0.021051297295628997
0.02105135482130139
0.02105139995875236
0.021051435375800003
